114.75 3975.00 15 0
17.05 1846.75 15 0
124.25 664.25 15 0
124.22 703.25 51 1
24.50 1964.75 15 0
28.22 1017.25 15 0
31.94 1109.50 15 0
35.73 2245.75 15 0
36.97 2286.50 15 0
38.22 2323.00 15 0
39.44 1339.50 15 0
39.44 1339.50 15 0
39.44 1339.50 15 0
49.39 2885.25 15 0
49.39 2885.25 15 0
49.39 2885.25 15 0
49.39 2885.25 15 0
49.39 2885.25 15 0
174.25 3985.50 23 1
174.25 3985.50 23 1
75.47 4587.50 15 0
75.47 4587.50 15 0
75.47 4587.50 15 0
108.59 4014.25 36 1
108.59 4014.25 36 1
95.48 4780.75 15 0
95.48 4780.75 15 0
95.48 4780.75 15 0
95.48 4780.75 15 0
95.48 4780.75 15 0
95.48 4780.75 15 0
95.48 4780.75 15 0
95.48 4780.75 15 0
95.48 4780.75 15 0
95.48 4780.75 15 0
95.48 4780.75 15 0
69.62 4740.75 15 0
69.62 4740.75 15 0
69.62 4740.75 15 0
69.62 4740.75 15 0
5.38 5551.75 15 0
5.38 5551.75 15 0
77.17 5541.75 41 1
0.70 3968.00 37 0
398.69 4006.00 48 1
398.69 4006.00 48 1
398.69 4006.00 48 1
398.69 4006.00 48 1
398.69 4006.00 48 1
204.86 4164.00 15 0
206.11 3717.50 15 0
206.11 3717.50 15 0
215.02 3110.50 15 0
215.02 3110.50 15 0
218.81 2870.50 15 0
220.11 2759.50 15 0
350.86 2506.25 20 1
350.86 2506.25 20 1
350.86 2506.25 20 1
124.27 4943.50 59 0
314.92 3976.25 35 1
242.88 1231.50 15 0
242.88 1231.50 15 0
247.97 2000.50 15 0
249.23 1992.25 15 0
61.08 1935.50 31 1
255.48 1929.75 15 0
451.52 3616.50 32 1
451.52 3616.50 32 1
451.52 3616.50 32 1
451.52 3616.50 32 1
124.22 1888.25 31 1
276.72 1913.75 15 0
279.94 1946.75 15 0
279.94 1946.75 15 0
286.67 2025.75 15 0
298.02 1744.75 15 0
298.02 1744.75 15 0
309.30 3989.50 15 0
329.20 1927.25 57 1
315.48 1643.75 15 0
315.48 1643.75 15 0
315.48 1643.75 15 0
324.23 2186.25 15 0
325.53 2136.00 15 0
325.53 2136.00 15 0
325.53 2136.00 15 0
338.16 3975.25 15 0
57.33 3975.25 22 0
401.34 3975.00 31 1
350.73 1815.50 15 0
56.00 3919.50 15 1
56.38 3975.00 44 1
2.03 4303.50 15 0
5.80 1760.00 15 0
7.06 2660.00 15 0
124.20 305.75 39 0
124.20 346.25 53 0
12.20 1794.50 55 1
12.20 1794.50 55 1
260.06 1927.25 49 1
23.25 1944.25 15 0
23.25 1944.25 15 0
23.25 1944.25 15 0
31.95 2169.25 15 0
34.47 2196.00 15 0
124.19 1300.25 15 0
124.19 1300.25 15 0
48.11 2984.25 15 0
48.11 2984.25 15 0
55.50 1856.25 15 0
55.50 1856.25 15 0
55.50 1856.25 15 0
62.92 4377.75 15 0
64.14 4649.50 15 0
65.41 4774.25 15 0
65.41 4774.25 15 0
70.42 4361.50 15 0
71.67 4461.50 15 0
71.67 4461.50 15 0
71.67 4461.50 15 0
124.55 960.50 44 0
124.55 960.50 44 0
124.55 960.50 44 0
87.89 2943.50 15 0
43.64 3275.75 15 0
98.34 1961.75 15 0
98.34 1961.75 15 0
98.34 1961.75 15 0
98.34 1961.75 15 0
98.34 1961.75 15 0
98.34 1961.75 15 0
123.02 3020.50 15 0
124.27 2989.75 15 0
124.27 2989.75 15 0
124.27 2989.75 15 0
124.27 2989.75 15 0
124.27 2989.75 15 0
124.27 2989.75 15 0
124.27 2989.75 15 0
124.27 2989.75 15 0
124.27 2989.75 15 0
124.27 2989.75 15 0
124.27 2989.75 15 0
124.27 2989.75 15 0
124.27 2989.75 15 0
124.27 2989.75 15 0
124.27 2989.75 15 0
124.27 2989.75 15 0
124.27 2989.75 15 0
124.27 2989.75 15 0
430.80 3983.00 30 1
430.80 3983.00 30 1
226.34 859.50 15 0
225.95 3977.50 15 0
225.95 3977.50 15 0
225.95 3977.50 15 0
238.55 2169.25 15 0
238.55 2169.25 15 0
246.11 2039.75 15 0
249.91 1967.25 15 0
253.70 1935.75 15 0
253.70 1935.75 15 0
260.02 1888.50 15 0
260.02 1888.50 15 0
260.02 1888.50 15 0
260.02 1888.50 15 0
260.02 1888.50 15 0
260.02 1888.50 15 0
260.02 1888.50 15 0
260.02 1888.50 15 0
260.02 1888.50 15 0
282.38 1971.75 15 0
13.64 3975.75 15 0
124.23 2046.25 33 1
289.88 2771.00 15 0
289.88 2771.00 15 0
289.88 2771.00 15 0
311.19 1881.75 15 0
125.22 3975.75 27 1
317.31 2100.25 58 0
322.27 2235.50 15 0
322.27 2235.50 15 0
328.69 2077.50 15 0
329.95 3975.75 15 0
329.95 3975.75 15 0
61.30 2255.50 31 1
61.30 2255.50 31 1
61.30 2255.50 31 1
53.33 3975.25 56 1
53.33 3975.25 56 1
475.34 3244.00 15 1
358.83 3970.25 15 0
2.59 3975.00 15 0
2.59 3975.00 15 0
2.59 3975.00 15 0
12.67 1792.50 15 0
12.67 1792.50 15 0
230.41 3458.25 15 0
22.58 1933.00 15 0
23.83 1951.50 15 0
23.83 1951.50 15 0
30.05 1058.50 15 0
36.33 2270.75 57 1
36.33 2270.75 57 1
45.02 3978.25 15 0
136.17 1926.00 47 1
136.17 1926.00 47 1
58.64 3750.50 15 0
59.84 3912.75 15 0
61.09 4080.00 15 0
62.33 4284.75 15 0
63.58 4523.00 15 0
63.58 4523.00 15 0
63.58 4523.00 15 0
73.08 4454.00 15 0
73.08 4454.00 15 0
73.08 4454.00 15 0
73.08 4454.00 15 0
80.17 2214.00 15 0
80.17 2214.00 15 0
84.78 4965.50 15 0
84.78 4965.50 15 0
124.56 2913.75 59 1
94.78 4750.50 15 0
94.78 4750.50 15 0
94.78 4750.50 15 0
94.78 4750.50 15 0
94.78 4750.50 15 0
94.78 4750.50 15 0
94.78 4750.50 15 0
94.78 4750.50 15 0
94.78 4750.50 15 0
94.78 4750.50 15 0
123.70 4242.75 15 0
123.70 4242.75 15 0
123.70 4242.75 15 0
123.70 4242.75 15 0
123.70 4242.75 15 0
123.70 4242.75 15 0
123.70 4242.75 15 0
123.70 4242.75 15 0
123.70 4242.75 15 0
157.36 4639.25 15 0
158.61 4584.50 15 0
161.09 5172.75 15 0
161.09 5172.75 15 0
161.09 5172.75 15 0
161.09 5172.75 15 0
161.09 5172.75 15 0
161.09 5172.75 15 0
161.09 5172.75 15 0
161.09 5172.75 15 0
161.09 5172.75 15 0
161.09 5172.75 15 0
161.09 5172.75 15 0
161.09 5172.75 15 0
160.80 3534.50 52 1
160.80 3534.50 52 1
160.80 3534.50 52 1
221.56 2699.75 15 0
221.56 2699.75 15 0
229.17 2412.50 15 0
76.89 3977.00 15 0
76.89 3977.00 15 0
76.89 3977.00 15 0
239.30 2137.00 15 0
243.11 2066.25 15 0
243.11 2066.25 15 0
402.97 3975.50 21 1
402.97 3975.50 21 1
402.97 3975.50 21 1
402.97 3975.50 21 1
272.05 1884.75 15 0
275.27 1901.00 15 0
275.66 1487.50 15 0
275.66 1487.50 15 0
275.66 1487.50 15 0
275.66 1487.50 15 0
275.66 1487.50 15 0
275.66 1487.50 15 0
52.34 3974.25 37 1
52.34 3974.25 37 1
52.34 3974.25 37 1
52.34 3974.25 37 1
52.34 3974.25 37 1
335.25 3976.50 21 0
335.25 3976.50 21 0
477.28 3975.75 24 1
334.52 1960.75 15 0
334.52 1960.75 15 0
334.52 1960.75 15 0
334.52 1960.75 15 0
317.09 3975.00 15 0
483.36 3564.25 15 0
357.16 1793.50 15 0
359.62 1791.50 15 0
136.00 3975.00 46 1
136.00 3975.00 46 1
10.92 1782.50 15 0
12.20 1803.25 15 0
310.67 450.00 15 0
20.92 1907.25 15 0
20.92 1907.25 15 0
28.41 2042.00 15 0
28.41 2042.00 15 0
32.11 2136.50 15 0
34.62 2198.50 15 0
35.91 2250.50 15 0
37.16 3325.75 15 0
39.61 2376.75 15 0
39.61 2376.75 15 0
45.84 2670.25 15 0
49.56 2888.50 15 0
53.28 3188.50 15 0
476.53 3981.25 15 0
122.22 3983.00 43 0
124.53 2061.25 34 1
124.53 2061.25 34 1
70.67 4496.00 15 0
70.67 4496.00 15 0
145.69 1487.50 15 0
145.69 1487.50 15 0
145.69 1487.50 15 0
124.56 2861.25 42 1
124.56 2861.25 42 1
93.16 4689.00 15 0
95.67 4733.25 15 0
95.67 4733.25 15 0
95.67 4733.25 15 0
95.67 4733.25 15 0
95.67 4733.25 15 0
95.67 4733.25 15 0
95.67 4733.25 15 0
95.67 4733.25 15 0
95.67 4733.25 15 0
95.67 4733.25 15 0
95.67 4733.25 15 0
95.67 4733.25 15 0
95.67 4733.25 15 0
95.67 4733.25 15 0
145.69 5139.75 15 0
145.69 5139.75 15 0
145.69 5139.75 15 0
145.69 5139.75 15 0
145.69 5139.75 15 0
145.69 5139.75 15 0
145.69 5139.75 15 0
145.69 5139.75 15 0
5.17 5833.25 50 1
5.17 5833.25 50 1
5.17 5833.25 50 1
5.17 5833.25 50 1
5.17 5833.25 50 1
5.17 5833.25 50 1
5.17 5833.25 50 1
5.17 5833.25 50 1
125.73 4175.50 25 0
212.30 3334.75 15 0
212.30 3334.75 15 0
217.39 2886.50 15 0
217.39 2886.50 15 0
404.86 3978.00 54 1
19.52 2908.75 15 0
233.81 2276.25 15 0
237.61 2186.25 15 0
238.91 2142.00 15 0
238.91 2142.00 15 0
238.91 2142.00 15 0
61.06 3983.50 31 1
56.98 3975.50 40 1
56.98 3975.50 40 1
56.98 3975.50 40 1
124.22 3986.25 20 0
272.86 1889.50 15 0
60.80 3975.50 34 0
287.19 2021.75 15 0
287.67 2033.50 15 0
287.67 2033.50 15 0
293.92 2004.00 15 0
297.78 1749.00 15 0
297.78 1749.00 15 0
297.78 1749.00 15 0
297.78 1749.00 15 0
297.78 1749.00 15 0
318.97 2159.00 15 0
320.20 2218.50 15 0
321.41 2268.00 15 0
321.41 2268.00 15 0
321.41 2268.00 15 0
321.41 2268.00 15 0
332.91 1985.50 15 0
60.11 5327.50 15 0
60.11 5327.50 15 0
60.11 5327.50 15 0
60.11 5327.50 15 0
60.11 5327.50 15 0
358.03 1801.50 15 0
1.81 1810.00 15 0
5.09 1811.75 15 0
5.62 1759.00 15 0
8.89 1766.50 15 0
125.34 378.25 15 0
15.59 1836.50 15 0
16.83 1845.50 15 0
16.83 1845.50 15 0
16.83 1845.50 15 0
16.83 1845.50 15 0
124.25 1096.25 43 0
36.77 2276.75 15 0
40.50 2412.50 15 0
41.77 2480.75 15 0
44.23 2588.75 15 0
45.48 2643.75 15 0
45.48 2643.75 15 0
49.23 2875.00 15 0
50.45 3997.00 15 0
304.19 3275.75 54 1
55.41 3412.50 15 0
354.22 1934.75 35 1
124.83 2089.75 15 0
124.83 2089.75 15 0
70.36 4467.75 15 0
70.36 4467.75 15 0
70.36 4467.75 15 0
70.36 4467.75 15 0
150.59 3986.50 50 1
150.59 3986.50 50 1
150.59 3986.50 50 1
150.59 3986.50 50 1
150.59 3986.50 50 1
150.59 3986.50 50 1
150.59 3986.50 50 1
150.59 3986.50 50 1
150.59 3986.50 50 1
150.59 3986.50 50 1
150.59 3986.50 50 1
150.59 3986.50 50 1
150.59 3986.50 50 1
150.59 3986.50 50 1
150.59 3986.50 50 1
150.59 3986.50 50 1
153.06 3806.25 15 0
153.06 3806.25 15 0
156.78 4598.50 15 0
180.05 3985.75 15 0
180.05 3985.75 15 0
180.05 3985.75 15 0
180.05 3985.75 15 0
180.05 3985.75 15 0
109.17 5936.25 41 1
109.17 5936.25 41 1
109.17 5936.25 41 1
109.17 5936.25 41 1
109.17 5936.25 41 1
203.27 4370.50 15 0
207.08 3869.50 15 0
207.08 3869.50 15 0
207.08 3869.50 15 0
207.08 3869.50 15 0
226.12 2514.25 15 0
227.36 2472.00 15 0
228.61 2434.00 15 0
229.88 2389.00 15 0
232.38 2307.00 15 0
184.91 3976.75 15 0
404.92 3976.25 23 1
242.48 2083.75 15 0
246.30 3318.50 15 0
246.30 3318.50 15 0
124.22 1103.50 32 0
124.22 1103.50 32 0
124.22 1103.50 32 0
124.22 1103.50 32 0
124.22 1103.50 32 0
124.22 3975.25 15 1
251.05 3975.25 44 1
189.06 2466.50 34 1
189.06 2466.50 34 1
189.06 2466.50 34 1
189.06 2466.50 34 1
189.06 2466.50 34 1
296.30 1840.75 15 0
275.16 3974.50 15 0
275.16 3974.50 15 0
303.92 1684.25 15 0
303.92 1684.25 15 0
303.92 1684.25 15 0
303.92 1684.25 15 0
303.92 1684.25 15 0
313.81 1959.00 15 0
313.81 1959.00 15 0
321.22 2276.25 15 0
321.22 2276.25 15 0
321.22 2276.25 15 0
338.92 1918.00 15 0
340.17 1889.00 15 0
340.17 1889.00 15 0
340.17 1889.00 15 0
340.17 1889.00 15 0
354.03 2220.50 15 0
83.81 4352.00 15 0
1.55 591.50 15 0
7.81 1768.50 15 0
9.08 3974.75 15 0
15.38 1835.25 15 0
15.38 1835.25 15 0
124.22 730.25 61 0
24.09 1955.25 15 0
25.31 1973.50 15 0
26.58 930.25 15 0
124.25 3976.50 40 0
124.25 3976.50 40 0
124.25 3976.50 40 0
47.70 3989.25 15 0
47.70 3989.25 15 0
53.91 3268.50 15 0
53.91 3268.50 15 0
63.73 4566.50 15 0
125.00 2161.25 15 0
124.50 2280.75 16 0
124.50 2280.75 16 0
75.00 2453.50 15 0
75.00 2453.50 15 0
75.00 2453.50 15 0
428.36 3986.50 25 1
428.36 3986.50 25 1
428.36 3986.50 25 1
428.36 3986.50 25 1
428.36 3986.50 25 1
428.36 3986.50 25 1
428.36 3986.50 25 1
428.36 3986.50 25 1
428.36 3986.50 25 1
100.36 4005.75 43 1
100.36 4005.75 43 1
100.36 4005.75 43 1
100.36 4005.75 43 1
100.36 4005.75 43 1
100.36 4005.75 43 1
100.36 4005.75 43 1
100.36 4005.75 43 1
100.36 4005.75 43 1
100.36 4005.75 43 1
100.36 4005.75 43 1
100.36 4005.75 43 1
100.36 4005.75 43 1
160.17 4534.75 15 0
160.17 4534.75 15 0
167.64 5150.00 15 0
167.64 5150.00 15 0
167.64 5150.00 15 0
167.64 5150.00 15 0
77.16 5721.75 62 1
77.16 5721.75 62 1
77.16 5721.75 62 1
77.16 5721.75 62 1
77.16 5721.75 62 1
77.16 5721.75 62 1
77.16 5721.75 62 1
77.16 5721.75 62 1
77.16 5721.75 62 1
206.61 3915.50 15 0
210.39 3481.25 15 0
102.58 1999.50 15 0
102.58 1999.50 15 0
102.58 1999.50 15 0
102.58 1999.50 15 0
225.58 2542.75 15 0
231.91 2311.50 15 0
233.17 2266.50 15 0
235.67 2232.25 15 0
235.67 2232.25 15 0
235.67 2232.25 15 0
245.80 2042.75 15 0
247.06 2017.25 15 0
247.06 2017.25 15 0
247.06 2017.25 15 0
365.00 3975.25 43 1
365.00 3975.25 43 1
365.00 3975.25 43 1
59.91 1615.50 34 0
280.67 1956.50 15 0
280.67 1956.50 15 0
290.62 2075.50 59 1
290.62 2075.50 59 1
298.22 1739.25 15 0
50.52 719.50 15 0
50.52 719.50 15 0
50.52 719.50 15 0
124.22 4005.75 40 1
124.22 4005.75 40 1
124.25 2258.25 63 0
124.25 2258.25 63 0
329.44 2061.00 30 1
330.70 4030.75 15 0
342.22 1861.75 32 1
342.22 1861.75 32 1
342.22 1861.75 32 1
354.62 1811.50 15 0
358.38 1797.50 15 0
2.12 1808.50 15 0
5.89 1759.75 15 0
5.89 1759.75 15 0
9.69 389.75 15 0
124.20 428.75 61 0
124.66 509.25 15 0
19.62 1892.25 15 0
19.62 1892.25 15 0
124.81 1065.75 15 0
124.81 1065.75 15 0
40.81 2427.75 15 0
42.03 2486.50 15 0
124.30 1424.25 15 0
48.23 2812.25 15 0
306.19 3979.50 15 0
18.19 3980.00 62 1
18.19 3980.00 62 1
55.62 1860.25 15 0
61.83 4182.25 15 0
61.83 4182.25 15 0
65.55 4754.75 15 0
65.55 4754.75 15 0
65.55 4754.75 15 0
76.80 1289.75 15 0
76.80 1289.75 15 0
76.80 1289.75 15 0
196.33 4755.25 24 1
90.50 4759.25 15 0
90.50 4759.25 15 0
124.56 2060.00 25 1
116.45 3229.75 15 0
116.45 3229.75 15 0
116.45 3229.75 15 0
116.45 3229.75 15 0
116.45 3229.75 15 0
116.45 3229.75 15 0
116.45 3229.75 15 0
116.45 3229.75 15 0
116.45 3229.75 15 0
116.45 3229.75 15 0
116.45 3229.75 15 0
116.45 3229.75 15 0
116.45 3229.75 15 0
116.45 3229.75 15 0
116.45 3229.75 15 0
148.22 4800.00 15 0
148.22 4800.00 15 0
148.22 4800.00 15 0
148.22 4800.00 15 0
148.22 4800.00 15 0
155.58 3968.25 15 0
4.55 5425.25 46 0
4.55 5425.25 46 0
4.55 5425.25 46 0
4.55 5425.25 46 0
4.55 5425.25 46 0
326.70 5926.00 32 1
326.70 5926.00 32 1
326.70 5926.00 32 1
326.70 5926.00 32 1
181.58 3456.00 24 0
181.58 3456.00 24 0
208.30 3661.75 15 0
210.84 3444.75 15 0
214.66 3777.25 15 0
214.66 3777.25 15 0
214.66 3777.25 15 0
228.50 2440.25 15 0
73.39 2383.50 15 0
73.39 2383.50 15 0
73.39 2383.50 15 0
73.39 2383.50 15 0
259.95 1889.50 15 0
133.02 4807.25 55 1
268.67 1880.50 33 1
268.67 1880.50 33 1
277.39 1915.00 15 0
284.81 1988.25 15 0
364.06 3975.75 15 0
289.12 3976.00 33 1
294.83 1937.75 36 0
296.09 3979.25 15 0
361.16 1606.50 21 1
302.45 1656.00 15 0
302.45 1656.00 15 0
309.81 2280.50 15 0
309.81 2280.50 15 0
309.81 2280.50 15 0
319.66 2205.25 15 0
323.44 2211.25 15 0
324.70 2178.50 15 0
324.70 2178.50 15 0
330.98 2030.00 15 0
330.98 2030.00 15 0
330.98 2030.00 15 0
58.70 2383.50 42 0
58.70 2383.50 42 0
352.36 1806.00 15 0
356.14 1791.00 15 0
359.88 1807.50 15 0
104.00 3975.00 15 0
104.00 3975.00 15 0
124.20 317.25 35 0
124.20 3975.00 52 0
14.84 1826.00 15 0
16.11 1843.00 15 0
17.36 1849.75 15 0
18.59 1868.00 15 0
125.86 676.25 15 0
124.22 716.25 52 0
23.58 4000.50 15 0
62.08 4687.50 15 0
455.81 3976.00 15 0
39.73 2383.75 15 0
39.73 2383.75 15 0
39.73 2383.75 15 0
39.73 2383.75 15 0
39.73 2383.75 15 0
39.73 2383.75 15 0
66.97 4269.25 15 0
66.97 4269.25 15 0
66.97 4269.25 15 0
75.70 4695.25 15 0
78.20 2858.50 15 0
78.20 2858.50 15 0
91.95 4798.25 15 0
93.20 4699.50 15 0
93.20 4699.50 15 0
93.20 4699.50 15 0
93.20 4699.50 15 0
93.20 4699.50 15 0
93.20 4699.50 15 0
93.20 4699.50 15 0
93.20 4699.50 15 0
93.20 4699.50 15 0
93.20 4699.50 15 0
93.20 4699.50 15 0
93.20 4699.50 15 0
4.48 576.50 43 1
4.48 576.50 43 1
4.48 576.50 43 1
4.48 576.50 43 1
69.59 4739.25 15 0
100.58 4858.25 19 0
398.59 3730.00 54 1
124.55 5103.25 44 0
163.33 3516.00 15 0
163.33 3516.00 15 0
163.33 3516.00 15 0
163.33 3516.00 15 0
163.33 3516.00 15 0
306.41 1344.50 21 0
306.41 1344.50 21 0
306.41 1344.50 21 0
306.41 1344.50 21 0
306.41 1344.50 21 0
101.17 5940.75 41 1
101.17 5940.75 41 1
101.17 5940.75 41 1
101.17 5940.75 41 1
101.17 5940.75 41 1
101.17 5940.75 41 1
101.17 5940.75 41 1
101.17 5940.75 41 1
101.17 5940.75 41 1
210.97 3428.00 15 0
212.23 4001.25 15 0
217.30 2965.50 15 0
218.55 2887.00 15 0
218.55 2887.00 15 0
218.55 2887.00 15 0
218.55 2887.00 15 0
218.55 2887.00 15 0
218.55 2887.00 15 0
246.36 4024.00 15 0
250.11 1987.50 15 0
252.62 1951.75 15 0
252.62 1951.75 15 0
178.22 4256.75 29 1
266.41 1870.00 15 0
266.41 1870.00 15 0
266.41 1870.00 15 0
283.77 1979.75 15 0
285.02 1996.00 15 0
288.73 2050.25 15 0
288.73 2050.25 15 0
288.73 2050.25 15 0
51.08 3974.50 37 0
51.08 3974.50 37 0
314.97 2000.25 16 1
314.97 2000.25 16 1
314.97 2000.25 16 1
314.97 2000.25 16 1
314.97 2000.25 16 1
79.33 3975.25 18 1
346.36 1833.75 15 0
57.59 1231.50 15 0
57.59 1231.50 15 0
357.66 1798.00 15 0
358.91 3520.00 15 0
358.91 3520.00 15 0
358.91 3520.00 15 0
12.64 1793.25 15 0
13.91 3975.00 15 0
18.88 1869.25 15 0
18.88 1869.25 15 0
18.88 1869.25 15 0
18.88 1869.25 15 0
18.88 1869.25 15 0
40.02 2384.75 15 0
40.02 2384.75 15 0
40.02 2384.75 15 0
40.02 2384.75 15 0
48.69 2985.25 15 0
51.16 3012.00 15 0
52.41 3102.25 15 0
54.89 1840.25 15 0
58.59 3737.25 15 0
58.59 3737.25 15 0
198.31 2632.00 15 0
198.31 2632.00 15 0
198.31 2632.00 15 0
198.31 2632.00 15 0
80.12 2198.00 15 0
80.12 2198.00 15 0
186.33 2872.25 40 1
412.34 3218.50 32 1
93.52 4641.25 15 0
93.52 4641.25 15 0
124.58 3486.25 49 0
124.58 3486.25 49 0
124.58 3486.25 49 0
124.58 3486.25 49 0
124.58 3486.25 49 0
124.58 3486.25 49 0
124.58 3486.25 49 0
124.58 3486.25 49 0
125.67 4036.75 15 1
125.67 4036.75 15 1
125.67 4036.75 15 1
125.67 4036.75 15 1
125.67 4036.75 15 1
125.67 4036.75 15 1
125.67 4036.75 15 1
125.67 4036.75 15 1
125.67 4036.75 15 1
125.67 4036.75 15 1
125.67 4036.75 15 1
125.67 4036.75 15 1
0.55 576.50 36 0
0.55 576.50 36 0
4.75 754.75 21 0
4.75 754.75 21 0
4.75 754.75 21 0
4.75 754.75 21 0
4.75 754.75 21 0
311.38 4296.50 23 1
311.38 4296.50 23 1
311.38 4296.50 23 1
311.38 4296.50 23 1
311.38 4296.50 23 1
311.38 4296.50 23 1
129.30 2383.50 25 0
208.83 3625.00 15 0
210.11 5327.50 15 0
213.89 169.00 15 0
213.89 169.00 15 0
213.89 169.00 15 0
213.89 169.00 15 0
213.89 169.00 15 0
230.31 2363.00 15 0
234.09 2278.75 15 0
235.38 3976.50 15 0
503.44 4382.75 15 0
249.22 1990.50 15 0
251.73 1953.50 15 0
251.73 1953.50 15 0
251.73 1953.50 15 0
251.73 1953.50 15 0
124.22 3975.25 23 1
183.03 3975.25 25 1
183.03 3975.25 25 1
183.03 3975.25 25 1
183.03 3975.25 25 1
183.03 3975.25 25 1
183.03 3975.25 25 1
297.92 1747.50 15 0
297.92 1747.50 15 0
305.44 4020.75 15 0
311.59 1889.50 15 0
314.84 1962.50 15 0
317.28 2111.00 15 0
317.28 2111.00 15 0
135.27 3976.25 17 1
135.27 3976.25 17 1
336.62 1934.25 15 0
337.86 3975.25 15 0
337.86 3975.25 15 0
347.91 1828.50 15 0
347.91 1828.50 15 0
1.69 1812.25 15 0
5.44 200.00 15 0
125.20 374.25 15 0
15.41 1828.75 15 0
16.69 1848.00 15 0
17.89 1865.00 15 0
19.12 1875.25 15 0
20.41 1888.50 15 0
30.31 2087.75 15 0
124.25 4544.75 31 1
124.25 4544.75 31 1
124.25 4544.75 31 1
43.97 2565.00 15 0
45.22 2622.75 15 0
45.22 2622.75 15 0
124.33 1566.75 23 0
51.42 3031.00 15 0
52.67 3980.75 15 0
146.20 3597.25 36 1
58.81 3775.00 15 0
60.05 4102.25 15 0
62.53 4295.25 15 0
149.77 2127.50 15 0
149.77 2127.50 15 0
149.77 2127.50 15 0
149.77 2127.50 15 0
4.53 2606.25 32 1
77.00 4614.75 15 0
77.00 4614.75 15 0
83.73 4940.75 15 0
422.33 3986.25 48 1
124.56 4799.75 48 0
91.23 2980.25 15 0
94.98 4802.75 15 0
96.23 3103.50 15 0
99.14 3236.75 15 0
99.14 3236.75 15 0
99.14 3236.75 15 0
99.14 3236.75 15 0
99.14 3236.75 15 0
99.14 3236.75 15 0
99.14 3236.75 15 0
99.14 3236.75 15 0
99.14 3236.75 15 0
99.14 3236.75 15 0
99.14 3236.75 15 0
99.14 3236.75 15 0
99.14 3236.75 15 0
99.14 3236.75 15 0
99.14 3236.75 15 0
99.14 3236.75 15 0
99.14 3236.75 15 0
216.59 1938.75 38 0
216.59 1938.75 38 0
180.61 3985.75 31 1
180.61 3985.75 31 1
180.61 3985.75 31 1
180.61 3985.75 31 1
180.61 3985.75 31 1
180.61 3985.75 31 1
180.61 3985.75 31 1
180.61 3985.75 31 1
204.19 4283.00 53 1
204.19 4283.00 53 1
215.59 1351.75 15 0
215.59 1351.75 15 0
225.75 2537.75 15 0
75.12 2191.50 28 0
75.12 2191.50 28 0
239.66 2132.25 15 0
239.66 2132.25 15 0
247.23 2020.00 15 0
253.50 1941.50 33 1
253.50 1941.50 33 1
253.50 1941.50 33 1
253.50 1941.50 33 1
253.50 1941.50 33 1
253.50 1941.50 33 1
124.22 3979.75 31 1
403.06 3975.25 24 1
123.08 3975.50 17 1
61.08 2127.50 55 1
479.09 3975.50 47 1
479.09 3975.50 47 1
479.09 3975.50 47 1
479.09 3975.50 47 1
475.16 3974.25 61 1
475.16 3974.25 61 1
475.16 3974.25 61 1
317.25 2098.00 15 0
320.91 2276.75 15 0
322.17 2244.50 15 0
323.52 2197.50 15 0
324.77 2176.75 15 0
66.05 4815.50 15 0
63.83 2895.50 15 0
333.59 1977.25 15 0
60.86 975.50 15 0
337.39 1928.00 15 0
338.66 3975.25 15 0
338.66 3975.25 15 0
351.25 1818.00 15 1
351.25 1818.00 15 1
351.25 1818.00 15 1
6.33 3974.75 15 0
10.03 1784.00 15 0
12.58 1793.75 15 0
13.80 1826.00 15 0
16.31 5058.25 15 0
22.55 1932.50 15 0